,depth_cm,sim_depth_cm,period,rmse,bias,corr,ubrmse,n
0,5.0,5.0,Full Year,10.810612463167184,-7.678406065563175,0.903398989991465,7.609955461177697,486
1,5.0,5.0,Fall,8.560137189548103,-5.182082508799771,0.8746020680296689,6.813366977924789,91
2,5.0,5.0,Winter,14.962690576958774,-14.820847063525001,0.5946692849216493,2.055383570386155,149
3,5.0,5.0,Spring,10.060683708491696,-7.919607760488829,0.8307322854994614,6.204608738858186,154
4,5.0,5.0,Summer,3.5881471264409006,1.8238040001910898,0.7564381137430954,3.090070997545699,92
5,10.0,10.0,Full Year,7.401001070417173,-5.029564641050055,0.8815795148495084,5.429391896503252,3884
6,10.0,10.0,Fall,5.289975362256281,-3.198403149090114,0.7521603541109493,4.213556292393506,913
7,10.0,10.0,Winter,11.271832971703285,-10.413136341598927,0.42954038883312384,4.3151836662243115,1018
8,10.0,10.0,Spring,6.857102404940384,-5.3374966927997844,0.7739313719248557,4.304762763055654,1028
9,10.0,10.0,Summer,3.2078517775114492,-0.5699109132683887,0.6068451355883386,3.1568203270729485,925
10,10.0,10.0,Full Year,11.743922462167577,-9.201206515536127,0.8754702664320602,7.297774555017424,486
11,10.0,10.0,Fall,7.948130645024772,-4.859539246169241,0.8121825340159857,6.289487981173251,91
12,10.0,10.0,Winter,16.708294958583863,-16.592806920153677,0.5376501630687849,1.961091260890026,149
13,10.0,10.0,Spring,11.114464452771694,-9.514733796116237,0.7556470124727953,5.7446636856276525,154
14,10.0,10.0,Summer,2.679499687937259,-0.9996854287430168,0.8563610351505699,2.486030494828001,92
15,10.0,10.0,Full Year,33.54865380062435,20.95049964394477,0.22855001458304594,26.202838329143216,3398
16,10.0,10.0,Fall,37.51898969739005,26.233430342958023,0.09532018623321993,26.82315642041462,822
17,10.0,10.0,Winter,26.788798768697394,15.484214136911856,0.4588449511837598,21.860440343964296,869
18,10.0,10.0,Spring,28.03579161305831,17.00578991813075,0.2311247793337136,22.28920637060085,874
19,10.0,10.0,Summer,40.35829939133682,25.57872217861962,0.02546723631639109,31.217323739708544,833
20,20.0,20.0,Full Year,7.042210798046615,-4.87227057536961,0.8693656523109258,5.084654596382318,3884
21,20.0,20.0,Fall,4.447730507209041,-2.487074480261519,0.6740619367134335,3.687379448116221,913
22,20.0,20.0,Winter,10.977193719113604,-10.150710102441957,0.4685245884964812,4.17873980562681,1018
23,20.0,20.0,Spring,6.920166888534295,-5.593386206521711,0.7486235174512512,4.0746460594583045,1028
24,20.0,20.0,Summer,1.6956462634009237,-0.6159740645043992,0.8438816907028326,1.5798076472923674,925
25,20.0,20.0,Full Year,11.794332550290038,-9.373826008264666,0.8468340819204662,7.158049054987821,486
26,20.0,20.0,Fall,7.147749575663787,-4.24312965022178,0.7362862841729354,5.7520583070593645,91
27,20.0,20.0,Winter,16.84122615056603,-16.749686792333755,0.597967569377397,1.753536601622387,149
28,20.0,20.0,Spring,11.504458677130886,-10.216636555140592,0.7017948094397126,5.288941950331569,154
29,20.0,20.0,Summer,1.8466456359479713,-1.0922747858376787,0.9379261860103468,1.4889714224890087,92
30,20.0,20.0,Full Year,6.129056145064955,-4.507692936111545,0.8797973968750481,4.152834408339508,3398
31,20.0,20.0,Fall,3.5908672088204665,-1.9891878547553679,0.7455872141045846,2.989558326889747,822
32,20.0,20.0,Winter,9.169473488310327,-8.264458336769186,0.4406180205785921,3.9721496009883897,869
33,20.0,20.0,Spring,5.7417528104030024,-4.644520133583963,0.7929470887911162,3.3758196137388583,874
34,20.0,20.0,Summer,4.267355164886432,-2.9302560490916116,0.6647428948581314,3.1022442827806005,833
35,30.0,30.0,Full Year,6.998661059181414,-4.925034648840551,0.8510081881180356,4.9724531500077855,3884
36,30.0,30.0,Fall,4.0373674904785535,-2.133936102679012,0.5700588953618145,3.4273390498834804,913
37,30.0,30.0,Winter,10.94282802631148,-10.119079454111631,0.4716002511044681,4.165299054666287,1018
38,30.0,30.0,Spring,7.036483297633845,-5.790229609928857,0.7160193641862859,3.998166862723865,1028
39,30.0,30.0,Summer,1.6641380696684158,-1.0021318822251444,0.8993247763121045,1.3285658453940514,925
40,30.0,30.0,Full Year,11.802930565354426,-9.423391894312548,0.8175767642512193,7.106958219715542,486
41,30.0,30.0,Fall,6.623869457588576,-3.815900934316395,0.6220212219007824,5.414290964720869,91
42,30.0,30.0,Winter,16.88065726969299,-16.79438218711608,0.6224185171492678,1.7044989908817363,149
43,30.0,30.0,Spring,11.67473850116539,-10.517292105340637,0.632638519841259,5.0681442206722,154
44,30.0,30.0,Summer,1.690494270798709,-1.2010385381560018,0.9739973691403998,1.1896542814899431,92
45,30.0,30.0,Full Year,6.065130011251382,-4.4947554287826295,0.8761008172071293,4.07221999513917,3398
46,30.0,30.0,Fall,3.4016374010981654,-1.8593929354799619,0.6686904232306945,2.8484723835833647,822
47,30.0,30.0,Winter,9.373143058299233,-8.50480510181945,0.443986957170312,3.9400635745389883,869
48,30.0,30.0,Spring,6.007433046300251,-4.984985238242705,0.7630582914032266,3.352487730071901,874
49,30.0,30.0,Summer,3.020135528079127,-2.3976053089239144,0.8220872867331224,1.8364932318376914,833
50,50.0,50.0,Full Year,6.310126108119878,-4.412224521546324,0.8237081232840463,4.511093689100397,3398
51,50.0,50.0,Fall,3.0068123580695625,-1.4575209004612988,0.4572628729776779,2.629934102094257,822
52,50.0,50.0,Winter,10.092151856499683,-9.31984368661217,0.4658605970028145,3.871955933603228,869
53,50.0,50.0,Spring,6.534857464963435,-5.545217232459005,0.6610838910724398,3.4575899022625585,874
54,50.0,50.0,Summer,1.5634970856912513,-1.019439038655551,0.8956175048511127,1.1854396582829856,833
55,50.0,50.0,Full Year,5.938399935957159,-4.3444988296527525,0.8575960511714047,4.048447074931553,3398
56,50.0,50.0,Fall,2.872181847152128,-1.398196615705658,0.5323163059919412,2.508879189387056,822
57,50.0,50.0,Winter,9.262569970733587,-8.427787694440745,0.4718832493611777,3.842863130553674,869
58,50.0,50.0,Spring,6.136896287842787,-5.201599274245362,0.7066031021649765,3.2565105616147925,874
59,50.0,50.0,Summer,2.587225280592264,-2.0928500995084636,0.8570942210069651,1.5210894495469804,833
60,90.0,90.0,Full Year,10.373823286012524,-8.162183275580967,0.7689348287818694,6.402731740846401,486
61,90.0,90.0,Fall,3.7717339640960725,-1.738609753645544,0.327285215041112,3.3471201383345135,91
62,90.0,90.0,Winter,14.720315432343634,-14.644962681424119,0.7957799438551696,1.487533020604615,149
63,90.0,90.0,Spring,11.021153330395348,-10.403518560035595,0.47772445794695984,3.637667151221976,154
64,90.0,90.0,Summer,0.3998948848327655,-0.26485094101011675,0.980818508230031,0.2996162511638287,92
65,104.0,104.0,Full Year,6.023227698350637,-4.215163491787032,0.7714009338831601,4.302518871973029,3398
66,104.0,104.0,Fall,1.8087815860557739,-0.8632810120090172,0.23177018954623904,1.5894768700296107,822
67,104.0,104.0,Winter,9.416068165841375,-8.65770491321748,0.4822238055990406,3.702227078316686,869
68,104.0,104.0,Spring,6.973870972816268,-6.198319161008863,0.40864540425268014,3.196203360826669,874
69,104.0,104.0,Summer,1.1136935237651984,-0.8074814368705721,0.858543731260294,0.7669986922974383,833
70,115.99999999999999,115.99999999999999,Full Year,5.9961051375929975,-4.610395698393478,0.8009546055389858,3.8337355575605443,3398
71,115.99999999999999,115.99999999999999,Fall,2.5255154389255985,-1.9673201778997904,0.07993088429414817,1.5836286022549277,822
72,115.99999999999999,115.99999999999999,Winter,9.152966670923549,-8.405599919146677,0.5159989469679995,3.6225252074041743,869
73,115.99999999999999,115.99999999999999,Spring,6.756823735287757,-6.044745532570818,0.42827233029672457,3.0192248071670864,874
74,115.99999999999999,115.99999999999999,Summer,2.25134716403579,-1.7543979252125455,0.7791624400367371,1.4109046647530474,833
75,117.0,117.0,Full Year,11.239320543376838,-10.335404702326448,0.8703627139010419,4.4160769825605355,486
76,117.0,117.0,Fall,6.50995071964713,-5.838021361953646,-0.17642212466573448,2.8804452693302602,91
77,117.0,117.0,Winter,14.905106802726404,-14.864379759317233,0.9397936784205778,1.1011008906912636,149
78,117.0,117.0,Spring,11.530145991841259,-11.164676304027106,0.5546115339364077,2.8799773644021442,154
79,117.0,117.0,Summer,6.561194956769674,-6.0608044177655405,0.9177754739112519,2.513151223132728,92
